COSMOS-Web_LRDs.dat
# %ECSV 1.0
# ---
# datatype:
# - {name: id, datatype: int64, description: ID}
# - {name: ra, unit: deg, datatype: float64, format: .6f, description: Right Ascension}
# - {name: dec, unit: deg, datatype: float64, format: .6f, description: Declination}
# - {name: in_cw_miri, datatype: int64, description: Whether in COSMOS-Web MIRI coverage}
# - {name: in_primer_nircam, datatype: int64, description: Whether in PRIMER-COSMOS NIRCam coverage}
# - {name: in_primer_miri, datatype: int64, description: Whether in PRIMER-COSMOS MIRI coverage}
# - {name: m814, unit: AB mag, datatype: float64, format: .2f, description: Magnitude in F814W}
# - {name: m115, unit: AB mag, datatype: float64, format: .2f, description: Magnitude in F115W}
# - {name: m150, unit: AB mag, datatype: float64, format: .2f, description: Magnitude in F150W}
# - {name: m277, unit: AB mag, datatype: float64, format: .2f, description: Magnitude in F277W}
# - {name: m444, unit: AB mag, datatype: float64, format: .2f, description: Magnitude in F444W}
# - {name: m770, unit: AB mag, datatype: float64, format: .2f, description: Magnitude in F770W}
# - {name: snr814, datatype: float64, format: .2f, description: Signal-to-noise in F814W}
# - {name: snr115, datatype: float64, format: .2f, description: Signal-to-noise in F115W}
# - {name: snr150, datatype: float64, format: .2f, description: Signal-to-noise in F150W}
# - {name: snr277, datatype: float64, format: .2f, description: Signal-to-noise in F277W}
# - {name: snr444, datatype: float64, format: .2f, description: Signal-to-noise in F444W}
# - {name: snr770, datatype: float64, format: .2f, description: Signal-to-noise in F770W}
# - {name: primer_m606, unit: AB mag, datatype: float64, format: .2f, description: Magnitude in PRIMER F606W}
# - {name: primer_m814, unit: AB mag, datatype: float64, format: .2f, description: Magnitude in PRIMER F814W}
# - {name: primer_m090, unit: AB mag, datatype: float64, format: .2f, description: Magnitude in PRIMER F090W}
# - {name: primer_m115, unit: AB mag, datatype: float64, format: .2f, description: Magnitude in PRIMER F115W}
# - {name: primer_m150, unit: AB mag, datatype: float64, format: .2f, description: Magnitude in PRIMER F150W}
# - {name: primer_m200, unit: AB mag, datatype: float64, format: .2f, description: Magnitude in PRIMER F200W}
# - {name: primer_m277, unit: AB mag, datatype: float64, format: .2f, description: Magnitude in PRIMER F277W}
# - {name: primer_m356, unit: AB mag, datatype: float64, format: .2f, description: Magnitude in PRIMER F356W}
# - {name: primer_m410, unit: AB mag, datatype: float64, format: .2f, description: Magnitude in PRIMER F410M}
# - {name: primer_m444, unit: AB mag, datatype: float64, format: .2f, description: Magnitude in PRIMER F444W}
# - {name: primer_m770, unit: AB mag, datatype: float64, format: .2f, description: Magnitude in PRIMER F770W}
# - {name: primer_m1800, unit: AB mag, datatype: float64, format: .2f, description: Magnitude in PRIMER F1800W}
# - {name: primer_snr606, datatype: float64, format: .2f, description: Signal-to-noise in PRIMER F606W}
# - {name: primer_snr814, datatype: float64, format: .2f, description: Signal-to-noise in PRIMER F814W}
# - {name: primer_snr090, datatype: float64, format: .2f, description: Signal-to-noise in PRIMER F090W}
[...]
# - {name: Reff444_med, unit: mas, datatype: float64, format: .2f, description: Median effective radius in F444W}
# - {name: Reff444_u68, unit: mas, datatype: float64, format: .2f, description: 84th percentile effective radius in F444W}
# - {name: Reff444_l68, unit: mas, datatype: float64, format: .2f, description: 16th percentile effective radius in F444W}
# - {name: Muv_int_med, datatype: float64, format: .2f, description: Median Muv (intrinsic)}
# - {name: Muv_int_u68, datatype: float64, format: .2f, description: 84th percentile Muv (intrinsic)}
# - {name: Muv_int_l68, datatype: float64, format: .2f, description: 16th percentile Muv (intrinsic)}
# meta:
#   comments: [Table of COSMOS-Web LRD properties from Akins et al. in prep, 'Up-to-date as of Apr 11, 2024']
# schema: astropy-2.0
id ra dec in_cw_miri in_primer_nircam in_primer_miri m814 m115 m150 m277 m444 m770 snr814 snr115 snr150 snr277 snr444 snr770 primer_m606 primer_m814 primer_m090 primer_m115 primer_m150 primer_m200 primer_m277 primer_m356 primer_m410 primer_m444 primer_m770 primer_m1800 primer_snr606 primer_snr814 primer_snr090 primer_snr115 primer_snr150 primer_snr200 primer_snr277 primer_snr356 primer_snr410 primer_snr444 primer_snr770 primer_snr1800 z_qso_med z_qso_u68 z_qso_l68 logLbol_med logLbol_u68 logLbol_l68 Av_qso_med Av_qso_u68 Av_qso_l68 chi2_qso z_gal_med z_gal_u68 z_gal_l68 logMstar_med logMstar_u68 logMstar_l68 SFR_100_med SFR_100_u68 SFR_100_l68 Av_gal_med Av_gal_u68 Av_gal_l68 chi2_gal chi2_bd C444 Reff444_med Reff444_u68 Reff444_l68 Muv_int_med Muv_int_u68 Muv_int_l68
[from data line 204]
431662 150.2981570358602 1.829356214782228 0 0 0 30.759489701758078 28.054244973522934 29.359923878481034 27.41208910542584 25.768646933397186 -99.0 0.1755098693794844 1.0546114181275232 0.9153860894989612 6.679442363176716 25.01008032143089 -99.0 -99.0 -99.0 -99.0 -99.0 -99.0 -99.0 -99.0 -99.0 -99.0 -99.0 -99.0 -99.0 -99.0 -99.0 -99.0 -99.0 -99.0 -99.0 -99.0 -99.0 -99.0 -99.0 -99.0 -99.0 6.939775415855575 8.701007901150328 5.553659098738837 45.852688661974945 46.165870090738785 45.458392760482184 2.6141187160501715 3.8704338618199494 2.094401121245149 0.435 6.652103203841503 8.611408683142821 5.03371788319207 10.048183272619568 10.411462663823214 9.756765720664081 62.3059831671742 140.93559273687325 30.71992417536523 2.386278910331749 3.2977175349763126 1.7555931413278725 0.405 3.8729116696498096 0.6045150753154949 15.584635679954257 20.337263246476834 10.875389821545568 -22.137630868067184 -21.40536178922878 -22.978909819283523
433777 150.31606837314686 1.849068097940881 0 0 0 29.27659486506243 -99.0 28.535488588143636 27.985389864394385 25.947812607675345 -99.0 0.6008472787680419 -0.3512216468225842 2.4206295239263653 4.372930626912945 26.24210797975447 -99.0 -99.0 -99.0 -99.0 -99.0 -99.0 -99.0 -99.0 -99.0 -99.0 -99.0 -99.0 -99.0 -99.0 -99.0 -99.0 -99.0 -99.0 -99.0 -99.0 -99.0 -99.0 -99.0 -99.0 -99.0 6.757151286781014 8.96147317142918 5.710525522059552 46.01800914814744 46.473842949554914 45.580220437758115 3.504950258701631 4.542179789374255 2.7514413859895863 0.701 6.7748412737226795 8.84120427754166 5.064278164530362 10.30215007795766 10.950315067697826 9.90529974621689 107.56502371407404 433.4983244196088 45.18085038997861 3.3726310648602014 4.690375414416903 2.4092431878144103 0.563 3.182200049876821 0.6011275941879177 18.79024326942294 25.324208254240332 13.503824698234743 -22.65340078832653 -21.645122857134258 -23.518741187360966
434274 150.27722165296063 1.8686683327752116 0 0 0 -99.0 27.801371630522432 27.752321632367405 27.320659027657328 25.687427287768337 -99.0 -0.6675278613551916 1.5082103233030506 3.8283179991199563 6.47958049915672 25.6428175946895 -99.0 -99.0 -99.0 -99.0 -99.0 -99.0 -99.0 -99.0 -99.0 -99.0 -99.0 -99.0 -99.0 -99.0 -99.0 -99.0 -99.0 -99.0 -99.0 -99.0 -99.0 -99.0 -99.0 -99.0 -99.0 7.271189543737205 8.513675717838435 6.021699753302311 46.15804503016834 46.606867370851774 45.702205059799354 3.44096300218472 4.87368203942541 2.52924390447099 0.479 7.4511573827067075 8.585818664300486 6.020777867803138 10.55725364158624 11.296146845990968 10.026218012997623 185.9479473428681 994.357291321959 58.16247958284422 3.295056980432217 4.735885932174788 2.2221345680205453 0.529 1.4063760954007938 0.5741265258801848 16.05210236993826 18.887764208964004 13.555179698261762 -22.83696681558264 -21.80763754178442 -23.865420854277144
434478 150.32826908298046 1.8521337155628208 0 0 0 28.541685116015856 -99.0 -99.0 27.684409736087034 25.50031146090926 -99.0 0.7731255749276172 -0.17629257955988537 -0.052008671276864184 5.344027938059088 35.63330831188015 -99.0 -99.0 -99.0 -99.0 -99.0 -99.0 -99.0 -99.0 -99.0 -99.0 -99.0 -99.0 -99.0 -99.0 -99.0 -99.0 -99.0 -99.0 -99.0 -99.0 -99.0 -99.0 -99.0 -99.0 -99.0 6.919948688982441 9.048598553196616 5.787039916678791 46.179347742717155 46.51199547269439 45.8299401693225 3.3086481098115197 4.3630217632248645 2.68955150321723 0.662 7.092467562420641 8.878708064095514 4.911222458054229 10.490555497061987 10.887004895176258 10.14934461592219 161.70149128283413 398.6719469864246 74.20400543400714 3.0094100409301126 4.291292527735284 2.3233652676469028 0.591 20.653678994382894 0.6569998765567826 13.6694430270622 16.991205971709118 9.288146448451045 -22.96557857894183 -22.208879453878545 -23.725563604928368
436076 150.33606957370122 1.866522087637399 0 0 0 30.023847632000113 27.515492196469072 29.322505740396068 27.494701596693673 25.59970859308359 -99.0 0.26766716912862965 1.7229877719636282 0.8370311666014716 5.287797020577265 25.81430803361615 -99.0 -99.0 -99.0 -99.0 -99.0 -99.0 -99.0 -99.0 -99.0 -99.0 -99.0 -99.0 -99.0 -99.0 -99.0 -99.0 -99.0 -99.0 -99.0 -99.0 -99.0 -99.0 -99.0 -99.0 -99.0 6.60632069012421 8.129460795515906 5.722211520172162 46.075183638590644 46.43040498442279 45.70212333385176 3.380646885816934 4.759580582715097 2.6076779155641896 1.123 6.3632222829859035 8.070467860290014 5.051545741890678 10.359201030931644 10.78466559398379 9.989441219846828 119.66591276281048 335.1032836811701 53.62987544038153 3.205022601784454 4.39572070030158 2.3762189234940694 1.281 4.840744242395029 0.5976689034125492 9.40860415316756 13.89150597470817 5.009413874878025 -22.852445594659166 -22.009013774568423 -23.84756235605442
439351 150.31340637742142 1.9119304362289709 1 0 0 28.041231957358356 27.806201620377323 27.931217731827985 27.495206225892424 25.57026622097424 25.49202022394763 1.9470758292818986 1.8514330115579998 3.784778068869117 7.282104127335022 33.29822034479814 11.41858655739211 -99.0 -99.0 -99.0 -99.0 -99.0 -99.0 -99.0 -99.0 -99.0 -99.0 -99.0 -99.0 -99.0 -99.0 -99.0 -99.0 -99.0 -99.0 -99.0 -99.0 -99.0 -99.0 -99.0 -99.0 6.511369220610987 8.222256876691922 5.813891317342772 45.752025238335605 46.13946913210542 45.57568375766468 3.081460443925841 4.224018899948798 2.5457508027171367 3.202 5.385394497388125 5.81174519154227 5.1084229865186055 8.91360425336043 9.074774155025855 8.801351660559153 7.042070285814837 9.80379979165856 5.6063953386325105 2.670232341630201 2.9396826521429715 2.3652053577401317 0.247 75.26218583482773 0.5733982833286343 16.071658943392574 18.510394239898794 13.855320988215976 -22.3722843145545 -21.77659965812563 -22.844003578891353
449197 150.2654884952741 1.8019526706039966 0 0 0 29.618591004789323 28.385211674190863 33.50002002968868 28.62241078114696 26.50956684515219 -99.0 0.4305250048083456 0.9961030068753053 0.018992487605559983 2.1097519818489348 11.878541668360139 -99.0 -99.0 -99.0 -99.0 -99.0 -99.0 -99.0 -99.0 -99.0 -99.0 -99.0 -99.0 -99.0 -99.0 -99.0 -99.0 -99.0 -99.0 -99.0 -99.0 -99.0 -99.0 -99.0 -99.0 -99.0 6.880988694361772 8.696421410749462 5.738232091428688 45.816736714517056 46.20945947305982 45.42203576991762 3.6164241012767144 4.9467700170629625 2.642407944942686 0.617 6.778786776258804 8.351965027729543 5.290124866197187 10.145933189148245 10.730458808597739 9.663413930757084 75.00442975305288 294.0699141432156 24.650173100734136 3.4538633963213425 4.683172627073034 2.441906891888483 0.587 2.4700486039747114 0.6671678395384246 2.8519443593480056 5.243355262787516 1.4902479001718036 -22.090030347767215 -21.159022479289607 -23.1437477616985
453213 150.28615977568725 1.827229125432303 0 0 0 30.202243455710466 -99.0 -99.0 28.334655463312544 26.579460807202885 -99.0 0.36016551490094645 -0.18371988994045854 -1.632258608608639 3.6814420000402053 13.852845763353482 -99.0 -99.0 -99.0 -99.0 -99.0 -99.0 -99.0 -99.0 -99.0 -99.0 -99.0 -99.0 -99.0 -99.0 -99.0 -99.0 -99.0 -99.0 -99.0 -99.0 -99.0 -99.0 -99.0 -99.0 -99.0 6.879661384653513 8.708343554088318 5.596719812774229 45.59632171628116 45.95815370919218 45.20031827075142 2.8671126980613595 4.26434867022116 2.222231895128452 0.772 6.450900731091653 8.528513001189497 4.981183650860399 9.78248713329489 10.263700018846933 9.444447073746142 32.56438744144589 94.58260055599098 14.926061130999079 2.705824061921091 3.8316285164059454 1.8857794243440054 0.777 4.15455095239931 0.5005655977386698 22.78143090868813 31.23197019950709 13.34679567094147 -21.521720827113334 -20.639276736700236 -22.52042313371237
454109 150.2399081675426 1.852283895024747 0 0 0 27.721658818656522 28.216849264896688 27.357704839220357 28.502512583875962 26.39919388183055 -99.0 2.840934739243479 1.0280967674743962 5.284934217636349 2.0746897785317957 12.7774434900118 -99.0 -99.0 -99.0 -99.0 -99.0 -99.0 -99.0 -99.0 -99.0 -99.0 -99.0 -99.0 -99.0 -99.0 -99.0 -99.0 -99.0 -99.0 -99.0 -99.0 -99.0 -99.0 -99.0 -99.0 -99.0 5.827317480266872 7.367765568407956 5.430355985321623 45.85792427708447 46.18337965701767 45.49432537111189 4.861694576827656 5.627953736661314 3.779502345421876 4.199 5.344577643388197 7.26361379445929 4.57429723335943 9.912615961855266 10.516601028297863 9.469767095150267 49.9228782542947 201.2778034770668 20.469746561603316 4.953557727830171 5.6815792930136695 3.694047129200308 2.531 8.29259042055298 0.6025249934908911 14.596939235284285 22.579386667359852 7.696230509196101 -22.838732232618387 -21.921124893380632 -23.57858819451236
456353 150.2504681669833 1.8700599310806618 0 0 0 -99.0 28.896803445828752 28.78976930105457 28.798636758868838 26.281213660679043 -99.0 -0.08364613253804175 0.5292644330845612 2.0613471680987008 2.39734521356893 20.776548260640148 -99.0 -99.0 -99.0 -99.0 -99.0 -99.0 -99.0 -99.0 -99.0 -99.0 -99.0 -99.0 -99.0 -99.0 -99.0 -99.0 -99.0 -99.0 -99.0 -99.0 -99.0 -99.0 -99.0 -99.0 -99.0 7.366777313894261 8.868126718072176 5.9425979718757045 46.15401834742425 46.591594510641585 45.73499578532523 4.2442576927231155 5.2354391739285004 3.3475282367378973 0.06 6.876402324693506 8.428619583331777 5.212679171618542 10.452845822888497 11.020794354596406 9.962688115106419 155.14069722913544 576.5439905878202 48.08646826340962 4.0376589087251915 5.084155227911708 2.9889558079104455 0.06 1.0468680843456013 0.5670934993773622 20.419098124036744 25.678744097245936 16.230084653613112 -22.934361243824533 -21.921196236827566 -23.797947317364653
456377 150.315595810073 1.846638817108602 0 0 0 -99.0 30.342505932482485 -99.0 28.755491604868535 26.311582702394997 -99.0 -1.514531769747145 0.16676024586365157 -0.6071117379364066 2.1662203256020347 17.28750220783617 -99.0 -99.0 -99.0 -99.0 -99.0 -99.0 -99.0 -99.0 -99.0 -99.0 -99.0 -99.0 -99.0 -99.0 -99.0 -99.0 -99.0 -99.0 -99.0 -99.0 -99.0 -99.0 -99.0 -99.0 -99.0 7.1453475223260305 8.641926829698354 5.868601966452938 46.00129357699322 46.42375744956979 45.59111646519859 3.936459230375661 5.076701076262286 2.9874638136035134 2.408 7.07407425406746 8.761895913201426 5.2226263058793005 10.395143497915225 10.95440715667994 9.903391057127617 132.97140062837929 487.81148941998106 42.811780453908376 3.6049959113019634 4.979924096517073 2.666057182545815 2.433 5.6100259327178215 0.5718861484283302 18.030119483545242 24.16158402680709 12.123644255574458 -22.547057063895593 -21.549344529034283 -23.41447859109677
457763 150.33439463995052 1.8504009612091887 0 0 0 31.90145790376199 27.975744597169175 29.631191115406853 28.23740330087499 26.4026961069781 -99.0 0.03675353465752755 1.4514103133570846 0.8001961515334185 3.2742333357091264 15.652887421335874 -99.0 -99.0 -99.0 -99.0 -99.0 -99.0 -99.0 -99.0 -99.0 -99.0 -99.0 -99.0 -99.0 -99.0 -99.0 -99.0 -99.0 -99.0 -99.0 -99.0 -99.0 -99.0 -99.0 -99.0 -99.0 6.703065925459244 8.305832402978629 5.626143682037121 45.75533944064 46.16104806836887 45.36060399102566 3.4652913164918226 4.775457713826695 2.524532971874878 0.683 6.996520682036689 8.311210885979746 5.213856785552287 10.077434876140924 10.732273891636412 9.6518727295867 62.23447467776478 268.74248638770973 24.343844440185215 3.275230537222284 4.681522045028779 2.0807138270334447 0.811 1.8605372496735637 0.6094574091611197 17.962207535192327 24.44195665553965 10.880899657736867 -22.06872979280586 -21.05210071936304 -22.978534353708564
457782 150.34670070476264 1.8460496819517966 0 0 0 29.708677124347936 28.700652648856448 31.183158772836933 29.010230841926724 26.5740897146948 -99.0 0.3871813312545548 0.9024044216092029 0.21753142870720713 1.869841702965049 15.1757315483635 -99.0 -99.0 -99.0 -99.0 -99.0 -99.0 -99.0 -99.0 -99.0 -99.0 -99.0 -99.0 -99.0 -99.0 -99.0 -99.0 -99.0 -99.0 -99.0 -99.0 -99.0 -99.0 -99.0 -99.0 -99.0 7.089457464253647 8.635061579886376 5.84138865427916 45.95406553806575 46.36153607429119 45.53759940664284 4.164075409681411 5.301730221358534 3.1207196787715796 0.44 6.459637943578695 8.230639318018506 4.973688610196399 10.17568345634471 10.725067055948026 9.741344562821263 79.36729420730137 304.82655276824397 30.295510731641095 4.019977691834942 5.13340981532592 2.852488287490633 0.396 1.5978366553320091 0.6215670800426795 7.545490580839714 13.33896632355706 3.0923625600583122 -22.453523908642815 -21.449206217285255 -23.364532565999014
462346 150.2947145657274 1.8964018936039604 0 0 0 28.657441335190033 27.76966650350213 28.75220712672091 28.083943714563638 26.485154973278107 -99.0 1.192757098167901 1.577306789461627 1.4199409813335808 3.3461757321857575 11.457534009692893 -99.0 -99.0 -99.0 -99.0 -99.0 -99.0 -99.0 -99.0 -99.0 -99.0 -99.0 -99.0 -99.0 -99.0 -99.0 -99.0 -99.0 -99.0 -99.0 -99.0 -99.0 -99.0 -99.0 -99.0 -99.0 6.2565918540084935 8.119092982629812 5.430772686046496 45.595123487241054 45.99772239000155 45.13750797921289 3.445736517017778 4.9638199327980495 2.226478905684991 0.432 6.031997342294229 7.966609487230433 4.764732737852684 9.917528643317024 10.459299381404508 9.495258409366043 44.69437856750928 170.02879678952675 16.43208392939685 3.501972456834289 5.126883969042418 2.2364889331949334 0.433 2.4923396951473418 0.5728030039983534 7.763797135217184 14.240036950927221 2.7024605839843128 -21.801730619522875 -20.68427609020434 -22.881264294654947
462811 150.30662776592052 1.8963482765393822 0 0 0 28.096304229362673 -99.0 -99.0 28.003815612773497 26.29743556148052 -99.0 2.0876858588961227 -1.3143046236940417 -0.32565584271936976 3.9527174217738272 14.323386408701223 -99.0 -99.0 -99.0 -99.0 -99.0 -99.0 -99.0 -99.0 -99.0 -99.0 -99.0 -99.0 -99.0 -99.0 -99.0 -99.0 -99.0 -99.0 -99.0 -99.0 -99.0 -99.0 -99.0 -99.0 -99.0 6.512797390791916 8.808650497451852 5.3357531371635964 45.636661027166426 45.96852992977387 45.233085704531696 2.7291846615664483 4.49539204492233 2.1081585167040293 5.253 6.35009510356873 8.814826495499357 4.70610031687448 9.925217306538167 10.304226473576252 9.537760115117289 44.418679411511214 104.56824117861403 19.46659693733329 2.6912569108713376 4.134998443451227 1.8261663568224562 4.839 10.339055061676314 0.5679254034660063 8.417113731434396 15.297902503740778 3.96892063720013 -21.736330033915532 -20.814997857283807 -22.691228167534018
471423 149.97432302089246 2.514213669957732 0 0 0 30.008090416055303 27.474072838762776 27.4763840436944 26.999484755574244 25.302036200254364 -99.0 0.3025166566869362 1.9783999121668228 4.066103521588036 8.001311042017967 30.124341953336295 -99.0 -99.0 -99.0 -99.0 -99.0 -99.0 -99.0 -99.0 -99.0 -99.0 -99.0 -99.0 -99.0 -99.0 -99.0 -99.0 -99.0 -99.0 -99.0 -99.0 -99.0 -99.0 -99.0 -99.0 -99.0 7.066623003861982 8.26314868815464 6.013752833843822 46.344050083842525 46.775844134016545 45.880233355145364 3.661229682180091 4.783577829699299 2.8256939225117796 0.074 7.151386040105916 8.28267924819531 6.018390616200576 10.689148185667431 11.234558904313806 10.308904840852076 252.1743563031235 968.2060874357867 102.63459384566546 3.3255458475012603 4.617444795001164 2.4119265440132915 0.044 2.120376585529907 0.5823048972912541 34.603038868824676 36.687932686802725 32.38478383783647 -23.400802581735874 -22.53371193949275 -24.330268018247864
