COSMOS-Web_LRDs.dat
# %ECSV 1.0
# ---
# datatype:
# - {name: id, datatype: int64, description: ID}
# - {name: ra, unit: deg, datatype: float64, format: .6f, description: Right Ascension}
# - {name: dec, unit: deg, datatype: float64, format: .6f, description: Declination}
# - {name: in_cw_miri, datatype: int64, description: Whether in COSMOS-Web MIRI coverage}
# - {name: in_primer_nircam, datatype: int64, description: Whether in PRIMER-COSMOS NIRCam coverage}
# - {name: in_primer_miri, datatype: int64, description: Whether in PRIMER-COSMOS MIRI coverage}
# - {name: m814, unit: AB mag, datatype: float64, format: .2f, description: Magnitude in F814W}
# - {name: m115, unit: AB mag, datatype: float64, format: .2f, description: Magnitude in F115W}
# - {name: m150, unit: AB mag, datatype: float64, format: .2f, description: Magnitude in F150W}
# - {name: m277, unit: AB mag, datatype: float64, format: .2f, description: Magnitude in F277W}
# - {name: m444, unit: AB mag, datatype: float64, format: .2f, description: Magnitude in F444W}
# - {name: m770, unit: AB mag, datatype: float64, format: .2f, description: Magnitude in F770W}
# - {name: snr814, datatype: float64, format: .2f, description: Signal-to-noise in F814W}
# - {name: snr115, datatype: float64, format: .2f, description: Signal-to-noise in F115W}
# - {name: snr150, datatype: float64, format: .2f, description: Signal-to-noise in F150W}
# - {name: snr277, datatype: float64, format: .2f, description: Signal-to-noise in F277W}
# - {name: snr444, datatype: float64, format: .2f, description: Signal-to-noise in F444W}
# - {name: snr770, datatype: float64, format: .2f, description: Signal-to-noise in F770W}
# - {name: primer_m606, unit: AB mag, datatype: float64, format: .2f, description: Magnitude in PRIMER F606W}
# - {name: primer_m814, unit: AB mag, datatype: float64, format: .2f, description: Magnitude in PRIMER F814W}
# - {name: primer_m090, unit: AB mag, datatype: float64, format: .2f, description: Magnitude in PRIMER F090W}
# - {name: primer_m115, unit: AB mag, datatype: float64, format: .2f, description: Magnitude in PRIMER F115W}
# - {name: primer_m150, unit: AB mag, datatype: float64, format: .2f, description: Magnitude in PRIMER F150W}
# - {name: primer_m200, unit: AB mag, datatype: float64, format: .2f, description: Magnitude in PRIMER F200W}
# - {name: primer_m277, unit: AB mag, datatype: float64, format: .2f, description: Magnitude in PRIMER F277W}
# - {name: primer_m356, unit: AB mag, datatype: float64, format: .2f, description: Magnitude in PRIMER F356W}
# - {name: primer_m410, unit: AB mag, datatype: float64, format: .2f, description: Magnitude in PRIMER F410M}
# - {name: primer_m444, unit: AB mag, datatype: float64, format: .2f, description: Magnitude in PRIMER F444W}
# - {name: primer_m770, unit: AB mag, datatype: float64, format: .2f, description: Magnitude in PRIMER F770W}
# - {name: primer_m1800, unit: AB mag, datatype: float64, format: .2f, description: Magnitude in PRIMER F1800W}
# - {name: primer_snr606, datatype: float64, format: .2f, description: Signal-to-noise in PRIMER F606W}
# - {name: primer_snr814, datatype: float64, format: .2f, description: Signal-to-noise in PRIMER F814W}
# - {name: primer_snr090, datatype: float64, format: .2f, description: Signal-to-noise in PRIMER F090W}
[...]
# - {name: Reff444_med, unit: mas, datatype: float64, format: .2f, description: Median effective radius in F444W}
# - {name: Reff444_u68, unit: mas, datatype: float64, format: .2f, description: 84th percentile effective radius in F444W}
# - {name: Reff444_l68, unit: mas, datatype: float64, format: .2f, description: 16th percentile effective radius in F444W}
# - {name: Muv_int_med, datatype: float64, format: .2f, description: Median Muv (intrinsic)}
# - {name: Muv_int_u68, datatype: float64, format: .2f, description: 84th percentile Muv (intrinsic)}
# - {name: Muv_int_l68, datatype: float64, format: .2f, description: 16th percentile Muv (intrinsic)}
# meta:
#   comments: [Table of COSMOS-Web LRD properties from Akins et al. in prep, 'Up-to-date as of Apr 11, 2024']
# schema: astropy-2.0
id ra dec in_cw_miri in_primer_nircam in_primer_miri m814 m115 m150 m277 m444 m770 snr814 snr115 snr150 snr277 snr444 snr770 primer_m606 primer_m814 primer_m090 primer_m115 primer_m150 primer_m200 primer_m277 primer_m356 primer_m410 primer_m444 primer_m770 primer_m1800 primer_snr606 primer_snr814 primer_snr090 primer_snr115 primer_snr150 primer_snr200 primer_snr277 primer_snr356 primer_snr410 primer_snr444 primer_snr770 primer_snr1800 z_qso_med z_qso_u68 z_qso_l68 logLbol_med logLbol_u68 logLbol_l68 Av_qso_med Av_qso_u68 Av_qso_l68 chi2_qso z_gal_med z_gal_u68 z_gal_l68 logMstar_med logMstar_u68 logMstar_l68 SFR_100_med SFR_100_u68 SFR_100_l68 Av_gal_med Av_gal_u68 Av_gal_l68 chi2_gal chi2_bd C444 Reff444_med Reff444_u68 Reff444_l68 Muv_int_med Muv_int_u68 Muv_int_l68
[from data line 68]
145575 150.2752920012944 2.0580843864309846 1 0 0 28.744898361829982 26.801572487763544 26.955086080912075 25.783386115613 24.14021884125875 24.130068888610225 0.8550984017981896 2.4339022531548724 5.328340288630822 18.36476120086273 71.2096495838623 20.17269440050065 -99.0 -99.0 -99.0 -99.0 -99.0 -99.0 -99.0 -99.0 -99.0 -99.0 -99.0 -99.0 -99.0 -99.0 -99.0 -99.0 -99.0 -99.0 -99.0 -99.0 -99.0 -99.0 -99.0 -99.0 6.0616528771437075 7.1566724541548465 5.789547869664618 46.09483111369314 46.21737732522601 45.928337841858 2.348563494701015 2.5949224679770873 2.056732542212457 0.918 5.9549674432877975 8.035258141843542 5.485745830978944 9.527921120609395 9.735390214368486 9.38013434600357 28.864611856397108 42.87358216327503 20.711448974239023 2.0653262409212605 2.3318720142896807 1.542701080555558 0.504 234.40360579531264 0.5837051965922119 26.589612129213354 28.688533121770185 24.098681568157236 -23.339302174001666 -22.768035115675172 -23.706352159480556
148366 150.3064807445852 2.0701974158919545 1 0 0 -99.0 27.836365791627887 27.970179749662755 27.63735088998724 25.18309357319432 24.643061916509986 -2.423173980241806 1.6208390571244389 3.226237108115114 4.977197108555722 42.027228642469424 18.8652515783527 -99.0 -99.0 -99.0 -99.0 -99.0 -99.0 -99.0 -99.0 -99.0 -99.0 -99.0 -99.0 -99.0 -99.0 -99.0 -99.0 -99.0 -99.0 -99.0 -99.0 -99.0 -99.0 -99.0 -99.0 7.69053554463886 8.47990113901607 6.256573128670021 46.38745763907285 46.69767357466545 46.11407109882067 3.8645529331940867 4.948612055706807 3.1796272706093562 6.043 6.016165808725015 8.332118796738296 5.480863939277113 9.521179228968013 9.766962270849504 9.312651359388088 27.915227510987073 46.9813474697383 18.15136481393237 3.0103771838220936 3.3971734338003126 2.3803958731768926 7.625 270.5920901136829 0.5998908861281986 20.752316918745066 23.874940834044462 16.707689823718177 -23.543041610899117 -22.903743754174144 -24.117811323936927
148367 150.30549842868083 2.0705604204967445 1 0 0 -99.0 -99.0 29.1828753752737 27.728872734592876 25.303958582294822 24.530812424926722 -0.9238080704727772 -0.5234340173345412 1.1821014272819188 5.18068154265772 42.09412233627032 22.950670984784004 -99.0 -99.0 -99.0 -99.0 -99.0 -99.0 -99.0 -99.0 -99.0 -99.0 -99.0 -99.0 -99.0 -99.0 -99.0 -99.0 -99.0 -99.0 -99.0 -99.0 -99.0 -99.0 -99.0 -99.0 6.2053983081130575 7.836544614741704 5.685501437254979 46.176527849102726 46.36438072794092 45.935254611328816 3.8197172218454005 4.429609650223306 3.0891440241752233 1.418 5.994904159957893 8.138106412037216 5.444641373979759 9.695008410655102 9.99218864856758 9.423708401563088 37.03974168461615 70.91461365347085 22.572022553355954 3.086969522591566 3.4539021638948535 2.4690314765509958 1.435 423.0790531670859 0.6218068813063783 15.103252166583939 18.802555308219215 10.299379260208456 -23.334997793091006 -22.573546912618383 -23.930330531363893
149167 150.26738091096306 2.0916245243079588 1 0 0 26.994915744392873 26.39031820408431 26.97795548861378 26.26024581175792 24.420425216274694 23.600890588444358 4.585883905809966 4.309303667426129 5.1183861242007405 12.917576662332431 53.96909733783271 52.86479327301999 -99.0 -99.0 -99.0 -99.0 -99.0 -99.0 -99.0 -99.0 -99.0 -99.0 -99.0 -99.0 -99.0 -99.0 -99.0 -99.0 -99.0 -99.0 -99.0 -99.0 -99.0 -99.0 -99.0 -99.0 5.582565097790754 5.810469030143053 5.410710873423558 46.593697132539475 46.73214056768504 46.43626887633737 4.692041742530877 5.164206907337542 4.32683167686279 1.157 5.457233220976054 5.66915132469759 5.224377069721193 9.871580981362385 10.075821344866391 9.696363972598162 60.328560902342076 85.63806083472629 42.698691726439826 3.594388509583708 3.8952327407841256 3.2961909717673414 1.248 2073.762849496182 0.5914128363702249 14.696508530059184 20.257958705195687 11.366191384677041 -24.884867349214257 -24.334940306560647 -25.314466743338865
150510 150.20953530039523 2.125595336541363 0 0 0 31.886772556171085 28.074908137293974 31.834862017171016 27.177157053178224 24.891841484091263 -99.0 0.07651218486154267 1.2129446175918197 0.07333913771126079 7.0305282984780035 43.90803610474248 -99.0 -99.0 -99.0 -99.0 -99.0 -99.0 -99.0 -99.0 -99.0 -99.0 -99.0 -99.0 -99.0 -99.0 -99.0 -99.0 -99.0 -99.0 -99.0 -99.0 -99.0 -99.0 -99.0 -99.0 -99.0 6.575454789299511 8.379959615444605 5.747168363812156 46.43746152370932 46.742172266620656 46.16335870436906 3.666476197521737 4.607314990715947 2.8719672645872314 0.858 6.73057308134109 8.429173265066947 5.063764819068925 10.764691412107421 11.125513424342522 10.458512517386051 289.8507710848427 695.3780111893168 150.2349747149829 3.2095504521289526 4.137882732266273 2.5718578851033347 0.895 29.23331892450728 0.580750063101327 30.37355702469098 32.27079824505499 27.34374440755954 -23.830606605296126 -23.087151474425855 -24.461208651219504
151142 150.20358312270795 2.134146099976473 0 0 0 28.558021925980913 -99.0 -99.0 27.425599212103577 25.925338471442053 -99.0 2.286403238893657 -0.5604994935695918 -0.5542828415270109 8.511867182033651 25.429349877719684 -99.0 -99.0 -99.0 -99.0 -99.0 -99.0 -99.0 -99.0 -99.0 -99.0 -99.0 -99.0 -99.0 -99.0 -99.0 -99.0 -99.0 -99.0 -99.0 -99.0 -99.0 -99.0 -99.0 -99.0 -99.0 5.2656928473138045 7.696796741788268 4.504849879581027 45.714704741268896 45.977396742847404 45.35567472284412 3.293755046565196 5.197015356976043 2.018339512637413 3.055 5.489628260183891 8.055347876265825 4.463533825024008 9.788662993366925 10.067094236355091 9.573663452136108 32.631265254382214 61.35019212836698 19.98860585223569 2.4632261581675996 3.305639906062062 1.6690879871990627 3.142 22.20401263475593 0.6358438873840894 2.9305709776916613 6.400488042246298 1.5006123693407827 -22.319173734555804 -21.277415358445385 -23.57685820932684
152580 150.21068261344718 2.146055076274768 1 0 0 27.807242874597286 26.914278693029047 26.81183647530446 27.135659665224708 25.327859763618225 24.87408786329311 2.414290322239082 2.299353162139105 8.037999882360374 7.337064091332501 31.53106792992235 18.767298126089383 -99.0 -99.0 -99.0 -99.0 -99.0 -99.0 -99.0 -99.0 -99.0 -99.0 -99.0 -99.0 -99.0 -99.0 -99.0 -99.0 -99.0 -99.0 -99.0 -99.0 -99.0 -99.0 -99.0 -99.0 5.889588964999331 6.256931764687262 5.583479327331356 46.0147172898605 46.189923208820396 45.842476969178605 3.938949407157832 4.423661323642496 3.4686772551499483 1.407 5.493987724348829 5.865434921458652 5.263225838791678 9.310370951234674 9.489293047848971 9.157662465270354 17.090573493476082 23.97208291962926 12.7135477711614 3.3557782768533464 3.7849246358255915 2.907703028393219 1.28 229.6752309264184 0.6096558759673346 15.653392933151627 21.298008484392092 10.43663029732965 -23.339616238562904 -22.747151234097956 -23.76950860510426
152986 150.19776795357043 2.154298199864981 1 0 0 28.109050676056082 27.93724757142521 30.874097735430684 27.422816025671217 25.68271361119541 25.689979871485086 3.474268246852856 1.8540852214678911 0.2715267083813831 8.942633259743511 32.38666317174945 8.66632812143942 -99.0 -99.0 -99.0 -99.0 -99.0 -99.0 -99.0 -99.0 -99.0 -99.0 -99.0 -99.0 -99.0 -99.0 -99.0 -99.0 -99.0 -99.0 -99.0 -99.0 -99.0 -99.0 -99.0 -99.0 5.733246343223541 6.002510003762097 5.472677771716864 45.526821431833014 45.637991729903824 45.38460635675434 2.7947550355739734 3.137694497098533 2.427757401586444 5.793 5.245414585237619 5.568090139586324 5.037385549829063 8.790152739406281 8.958193055724374 8.66907486403759 5.30801781929577 7.273670314634545 4.123802208389693 2.4253502112457914 2.684802265497232 2.1744437331472324 3.115 60.58207731202744 0.6146149229675195 5.896554140540176 9.579677409738084 2.808572183122977 -22.18981454921066 -21.685162514480513 -22.562195777530903
162573 150.23436052464137 2.0170116959229456 0 0 0 27.856616349038323 28.585745629939872 27.52685446292842 28.206436159437462 26.261113150884817 -99.0 2.3364068282544452 0.7684690850339417 4.076087250578197 2.8156537663532846 13.077959753869953 -99.0 -99.0 -99.0 -99.0 -99.0 -99.0 -99.0 -99.0 -99.0 -99.0 -99.0 -99.0 -99.0 -99.0 -99.0 -99.0 -99.0 -99.0 -99.0 -99.0 -99.0 -99.0 -99.0 -99.0 -99.0 6.172483842193863 8.339371217200629 5.521496347156261 45.98241309732019 46.487294023360306 45.57816178230729 4.525204626707052 5.492639003730951 3.321327183041746 2.226 5.807562237818531 8.308765718299943 4.826779832834775 10.204462501616874 11.089376863039416 9.75630116973898 90.27858139665238 658.7124661426366 34.18290217743284 4.597936656594985 5.475894589178996 3.240575695676782 1.844 5.270635027693216 0.590829892569643 25.117395108272333 31.45706723190532 18.90034744278046 -22.942015788521914 -21.970632643165676 -23.795289157622616
168121 150.2687364465439 2.044021239516866 1 0 0 -99.0 -99.0 28.560183513955373 28.519604503110862 26.549028119456505 25.76986677822366 -0.19884855386311193 -0.12364707719803489 2.087867497877035 2.8548288166730087 13.309602691192149 8.61724227369766 -99.0 -99.0 -99.0 -99.0 -99.0 -99.0 -99.0 -99.0 -99.0 -99.0 -99.0 -99.0 -99.0 -99.0 -99.0 -99.0 -99.0 -99.0 -99.0 -99.0 -99.0 -99.0 -99.0 -99.0 6.373066388210826 8.127686800661843 5.556010699612017 45.60032845850172 45.832836887162465 45.31029102862994 3.3367704032721806 4.392836951312411 2.476766136892902 0.523 7.08360317692407 8.401302176573447 5.600704774757773 9.543451550729621 9.790520856007817 9.18054500981722 18.497866833726654 31.029890888956487 10.355047495636773 2.0352972447623303 2.7381982037062564 1.5385534746704737 0.547 55.015104645043515 0.5356959413585112 35.29660362281656 42.605703216584274 27.19827364558975 -21.72650795985578 -20.79278944284959 -22.564901219989768
174206 150.24505338298775 2.093958892418276 0 0 0 28.664120222403767 28.03259073856679 28.003354704501433 28.570547008031934 27.01517929875216 -99.0 1.0797295262863769 1.2007519043713184 4.3232824891847645 3.0357442320106345 10.741966067364823 -99.0 -99.0 -99.0 -99.0 -99.0 -99.0 -99.0 -99.0 -99.0 -99.0 -99.0 -99.0 -99.0 -99.0 -99.0 -99.0 -99.0 -99.0 -99.0 -99.0 -99.0 -99.0 -99.0 -99.0 -99.0 6.318002675377704 8.245937385220072 5.375760500915519 45.421684962206285 45.96289635583887 45.02879958219801 3.995403424026411 5.175531166187713 2.514464168145102 0.377 7.187362045704322 8.585360057717855 5.262178186718173 9.879685969632103 10.757267337756442 9.324746196607789 43.209383414434114 283.39974280706406 12.064800405926535 3.5595435946202043 5.027667194567905 2.133770801780177 0.575 1.0843159947707286 0.5195036541254738 49.38498441861069 56.45389589014578 41.69488652027402 -21.507832928299493 -20.423344086457103 -22.6426961622606
174298 150.24105782998424 2.0959966131192234 0 0 0 28.516408935491867 29.211219584753355 27.70054416800114 27.949067485599706 26.267549830941004 -99.0 1.075737176954702 0.5056291169613463 4.450682409969339 4.253553959070042 16.658056853963274 -99.0 -99.0 -99.0 -99.0 -99.0 -99.0 -99.0 -99.0 -99.0 -99.0 -99.0 -99.0 -99.0 -99.0 -99.0 -99.0 -99.0 -99.0 -99.0 -99.0 -99.0 -99.0 -99.0 -99.0 -99.0 7.516776131381608 9.138995926068182 5.77065612591924 46.02582142848393 46.73575093929636 45.483186737319485 4.010615279282137 5.166694977659379 2.761097479950482 1.223 7.91008913781695 9.154648043081675 5.345992571037123 10.458678425668376 11.503243157498586 9.844843024691823 145.61497007803194 1611.6439308465294 36.83829675004635 3.916960117791046 5.1927732430049325 2.4881518538826293 1.342 1.425155937377912 0.5792697249097498 35.61356947104947 40.823493010263455 31.14002110519464 -22.576282002645193 -21.484823923422734 -23.962516059306996
175445 150.26592376967562 2.092906161159394 1 0 0 28.177714446091343 29.802380304113104 27.379426019200327 27.975162078557855 26.31439677852542 25.624699871903786 1.6397974136775713 0.2229819151034198 4.240878112936479 2.717324850672313 11.310127137025571 8.079951388995607 -99.0 -99.0 -99.0 -99.0 -99.0 -99.0 -99.0 -99.0 -99.0 -99.0 -99.0 -99.0 -99.0 -99.0 -99.0 -99.0 -99.0 -99.0 -99.0 -99.0 -99.0 -99.0 -99.0 -99.0 6.0138917409678445 7.86180194289253 5.3924111158357135 45.6544910296678 45.91237273281897 45.342506306071435 3.788737192935753 4.717935361988439 2.6267850780095814 2.763 6.468229828196979 8.475156434307287 5.3241097243985696 9.502165941720483 9.814123884121893 9.11088929496188 18.053694716751195 33.942285785172004 9.190067947846376 2.052816093393488 3.1827098275021726 1.4211763679445601 2.624 48.17247766338137 0.5634719218616537 29.1739814156424 37.11388074147854 21.233711237106636 -22.0976873149684 -21.21382813505135 -22.90987948277355
175809 150.2005547658705 2.1184158616584488 0 0 0 27.708911960649626 27.276607812115824 27.908531849073125 27.76330040392603 26.11961723359488 -99.0 3.304067017238439 1.8282011980416486 2.3743702060149876 3.0968355805741483 12.334293550631383 -99.0 -99.0 -99.0 -99.0 -99.0 -99.0 -99.0 -99.0 -99.0 -99.0 -99.0 -99.0 -99.0 -99.0 -99.0 -99.0 -99.0 -99.0 -99.0 -99.0 -99.0 -99.0 -99.0 -99.0 -99.0 5.53888138312784 5.917915350733364 5.189049694109833 45.774290919814575 46.05550225450596 45.414987529900756 4.695414518235179 5.536870586222764 3.5527987935753713 0.496 4.958405934806409 5.496425622930075 4.373796796302464 9.87656391436197 10.245524327080433 9.528732040485115 47.55677349065272 102.35510328760125 21.674393513026228 4.8403848398726845 5.599665167894712 3.777629350738349 0.418 10.144079716690698 0.5317655109167166 40.07251963103705 48.72973684047827 31.08243054508193 -22.808019728748675 -21.794130804063087 -23.579961608785066
177123 150.24415568554159 2.1095785811909837 0 0 0 28.40194616566165 29.713718658684574 28.601153674074048 28.595833695479715 26.124504975671883 -99.0 1.507854567847339 0.2864227652232189 1.823272205092753 2.124073078629485 17.844771480676616 -99.0 -99.0 -99.0 -99.0 -99.0 -99.0 -99.0 -99.0 -99.0 -99.0 -99.0 -99.0 -99.0 -99.0 -99.0 -99.0 -99.0 -99.0 -99.0 -99.0 -99.0 -99.0 -99.0 -99.0 -99.0 7.091024844720044 8.71989795446219 5.817833074083415 46.11096537001895 46.499184635819205 45.74982188739785 4.072335956216039 5.196363065049838 3.084888005320514 1.424 6.268453468753279 8.312718038462021 4.9505713895637165 10.424558942762246 11.04136741945473 9.982812330076118 138.87027425911322 598.780058666382 52.58772367897888 4.36874674769897 5.2914823901034795 3.0683030259055957 0.7 3.8524158270684308 0.638540684503825 13.0933667522306 20.052000831991442 7.660960636231149 -22.918157637276295 -21.944743717739318 -23.662014893634986
187996 150.3580014399344 1.9651773958249235 0 0 0 27.728770272322603 27.700726148398687 27.863421308172043 26.449751711318747 24.869112592519986 -99.0 2.5769478364170886 1.6466918219781164 3.194599820182155 14.394339365354982 50.366288538729485 -99.0 -99.0 -99.0 -99.0 -99.0 -99.0 -99.0 -99.0 -99.0 -99.0 -99.0 -99.0 -99.0 -99.0 -99.0 -99.0 -99.0 -99.0 -99.0 -99.0 -99.0 -99.0 -99.0 -99.0 -99.0 5.352545889136618 6.029631121138191 4.618003739663977 46.09555777002531 46.42739313541615 45.807507374238284 3.5824814580971927 5.520395262073159 2.611449727035065 0.04 4.844844694408328 5.506411197969447 4.277689518381512 10.27023912489206 10.460156342278571 10.037666813899977 93.838297685063 146.70840029881347 62.91933919657899 3.5280285516318926 4.159575202195246 2.820150062735462 0.108 24.907974812043122 0.6034925950861388 8.350858107684534 12.493862233067063 5.847179521104032 -23.533376642731916 -22.577929898393208 -24.731141223195287
