COSMOS-Web_LRDs.dat
# %ECSV 1.0
# ---
# datatype:
# - {name: id, datatype: int64, description: ID}
# - {name: ra, unit: deg, datatype: float64, format: .6f, description: Right Ascension}
# - {name: dec, unit: deg, datatype: float64, format: .6f, description: Declination}
# - {name: in_cw_miri, datatype: int64, description: Whether in COSMOS-Web MIRI coverage}
# - {name: in_primer_nircam, datatype: int64, description: Whether in PRIMER-COSMOS NIRCam coverage}
# - {name: in_primer_miri, datatype: int64, description: Whether in PRIMER-COSMOS MIRI coverage}
# - {name: m814, unit: AB mag, datatype: float64, format: .2f, description: Magnitude in F814W}
# - {name: m115, unit: AB mag, datatype: float64, format: .2f, description: Magnitude in F115W}
# - {name: m150, unit: AB mag, datatype: float64, format: .2f, description: Magnitude in F150W}
# - {name: m277, unit: AB mag, datatype: float64, format: .2f, description: Magnitude in F277W}
# - {name: m444, unit: AB mag, datatype: float64, format: .2f, description: Magnitude in F444W}
# - {name: m770, unit: AB mag, datatype: float64, format: .2f, description: Magnitude in F770W}
# - {name: snr814, datatype: float64, format: .2f, description: Signal-to-noise in F814W}
# - {name: snr115, datatype: float64, format: .2f, description: Signal-to-noise in F115W}
# - {name: snr150, datatype: float64, format: .2f, description: Signal-to-noise in F150W}
# - {name: snr277, datatype: float64, format: .2f, description: Signal-to-noise in F277W}
# - {name: snr444, datatype: float64, format: .2f, description: Signal-to-noise in F444W}
# - {name: snr770, datatype: float64, format: .2f, description: Signal-to-noise in F770W}
# - {name: primer_m606, unit: AB mag, datatype: float64, format: .2f, description: Magnitude in PRIMER F606W}
# - {name: primer_m814, unit: AB mag, datatype: float64, format: .2f, description: Magnitude in PRIMER F814W}
# - {name: primer_m090, unit: AB mag, datatype: float64, format: .2f, description: Magnitude in PRIMER F090W}
# - {name: primer_m115, unit: AB mag, datatype: float64, format: .2f, description: Magnitude in PRIMER F115W}
# - {name: primer_m150, unit: AB mag, datatype: float64, format: .2f, description: Magnitude in PRIMER F150W}
# - {name: primer_m200, unit: AB mag, datatype: float64, format: .2f, description: Magnitude in PRIMER F200W}
# - {name: primer_m277, unit: AB mag, datatype: float64, format: .2f, description: Magnitude in PRIMER F277W}
# - {name: primer_m356, unit: AB mag, datatype: float64, format: .2f, description: Magnitude in PRIMER F356W}
# - {name: primer_m410, unit: AB mag, datatype: float64, format: .2f, description: Magnitude in PRIMER F410M}
# - {name: primer_m444, unit: AB mag, datatype: float64, format: .2f, description: Magnitude in PRIMER F444W}
# - {name: primer_m770, unit: AB mag, datatype: float64, format: .2f, description: Magnitude in PRIMER F770W}
# - {name: primer_m1800, unit: AB mag, datatype: float64, format: .2f, description: Magnitude in PRIMER F1800W}
# - {name: primer_snr606, datatype: float64, format: .2f, description: Signal-to-noise in PRIMER F606W}
# - {name: primer_snr814, datatype: float64, format: .2f, description: Signal-to-noise in PRIMER F814W}
# - {name: primer_snr090, datatype: float64, format: .2f, description: Signal-to-noise in PRIMER F090W}
[...]
# - {name: Reff444_med, unit: mas, datatype: float64, format: .2f, description: Median effective radius in F444W}
# - {name: Reff444_u68, unit: mas, datatype: float64, format: .2f, description: 84th percentile effective radius in F444W}
# - {name: Reff444_l68, unit: mas, datatype: float64, format: .2f, description: 16th percentile effective radius in F444W}
# - {name: Muv_int_med, datatype: float64, format: .2f, description: Median Muv (intrinsic)}
# - {name: Muv_int_u68, datatype: float64, format: .2f, description: 84th percentile Muv (intrinsic)}
# - {name: Muv_int_l68, datatype: float64, format: .2f, description: 16th percentile Muv (intrinsic)}
# meta:
#   comments: [Table of COSMOS-Web LRD properties from Akins et al. in prep, 'Up-to-date as of Apr 11, 2024']
# schema: astropy-2.0
id ra dec in_cw_miri in_primer_nircam in_primer_miri m814 m115 m150 m277 m444 m770 snr814 snr115 snr150 snr277 snr444 snr770 primer_m606 primer_m814 primer_m090 primer_m115 primer_m150 primer_m200 primer_m277 primer_m356 primer_m410 primer_m444 primer_m770 primer_m1800 primer_snr606 primer_snr814 primer_snr090 primer_snr115 primer_snr150 primer_snr200 primer_snr277 primer_snr356 primer_snr410 primer_snr444 primer_snr770 primer_snr1800 z_qso_med z_qso_u68 z_qso_l68 logLbol_med logLbol_u68 logLbol_l68 Av_qso_med Av_qso_u68 Av_qso_l68 chi2_qso z_gal_med z_gal_u68 z_gal_l68 logMstar_med logMstar_u68 logMstar_l68 SFR_100_med SFR_100_u68 SFR_100_l68 Av_gal_med Av_gal_u68 Av_gal_l68 chi2_gal chi2_bd C444 Reff444_med Reff444_u68 Reff444_l68 Muv_int_med Muv_int_u68 Muv_int_l68
[from data line 85]
191103 150.31962837872206 2.013705030158541 1 0 0 27.38528435047727 26.823574239328252 26.58865013394582 25.21841831288679 23.693237288851336 24.02392705021551 3.510267338337919 4.108932512249676 12.963373256999763 60.85483031730492 186.58776557845522 51.349732386585295 -99.0 -99.0 -99.0 -99.0 -99.0 -99.0 -99.0 -99.0 -99.0 -99.0 -99.0 -99.0 -99.0 -99.0 -99.0 -99.0 -99.0 -99.0 -99.0 -99.0 -99.0 -99.0 -99.0 -99.0 5.8587327535716485 5.974688363807713 5.643235206339693 46.07337253456545 46.133117245771125 45.982613520722545 2.032234658993551 2.152201161261197 1.8875944487523095 5.764 5.3715206138925975 5.66928091369336 5.1232961745483765 9.360671835070896 9.46368641387739 9.27681793660477 19.926205896634496 25.11441859738861 16.79321247971254 1.7015826926497788 1.8269726957015808 1.5913353541521564 0.136 1305.070558308492 0.6170412369588638 17.24154475019761 18.593602424639435 14.636836467208164 -23.55765195046275 -23.241141971871286 -23.739459306129728
191809 150.3905855876665 1.995666544540314 1 0 0 -99.0 29.343849097882636 27.823369819069377 27.71845613940192 25.671509982164352 25.139493644670104 -0.15356605501950066 0.3265548096914726 3.6917909958320005 5.285404818913336 26.79051369076386 14.809771569437592 -99.0 -99.0 -99.0 -99.0 -99.0 -99.0 -99.0 -99.0 -99.0 -99.0 -99.0 -99.0 -99.0 -99.0 -99.0 -99.0 -99.0 -99.0 -99.0 -99.0 -99.0 -99.0 -99.0 -99.0 6.166947791322871 7.948670867590671 5.696467700242867 45.82431955288777 46.04009079059248 45.58183054159327 3.2484349916511697 3.8215491899065266 2.6740634255119655 0.104 6.18703791847041 8.354162134989844 5.43936773518761 9.35568213746919 9.764931474327996 9.124291964814484 17.93376263618582 40.00918027344251 11.45285544284403 2.5214254476581233 3.0441445051926848 2.001176230538292 0.532 149.89215418582017 0.6235509899805921 4.304702966063782 7.623407194871178 1.9403693423385857 -22.52020720124772 -21.724592891417817 -23.114720157103907
192996 150.33431958202806 2.032418741648774 1 0 0 27.705861793263317 28.34109628529366 28.306376380218236 27.690245428563138 25.78542077675357 25.385121916247492 4.720219714399664 1.0326462942029895 2.5935395104533283 5.931040272980548 26.440831582251178 13.443731457916373 -99.0 -99.0 -99.0 -99.0 -99.0 -99.0 -99.0 -99.0 -99.0 -99.0 -99.0 -99.0 -99.0 -99.0 -99.0 -99.0 -99.0 -99.0 -99.0 -99.0 -99.0 -99.0 -99.0 -99.0 5.544765709835591 5.784066293445617 5.402499091976784 45.79077616666425 45.90673587055413 45.65856340300755 3.928806924748028 4.331083221121183 3.5476083989108504 4.309 5.140727035000458 5.376756100868455 4.983734262190272 8.982392959467905 9.143792307428381 8.88127687047176 8.264267539320237 11.007976662360099 6.662986108670022 3.3193361339934175 3.641189186345286 3.002084243159073 0.743 136.48629374363423 0.6558997317930549 8.707546925107419 13.847903457521852 4.136013232544083 -22.952846698695506 -22.533596908207144 -23.29734447522709
193571 150.3268301616061 2.042758413181716 1 0 0 27.619682861094503 27.55706159548458 28.37978347965197 25.182834405052308 23.53442671552118 22.926215553671287 3.04325780034361 1.913630882460605 1.6706467782651886 38.83392271561811 144.88630710845229 105.13643265415611 -99.0 -99.0 -99.0 -99.0 -99.0 -99.0 -99.0 -99.0 -99.0 -99.0 -99.0 -99.0 -99.0 -99.0 -99.0 -99.0 -99.0 -99.0 -99.0 -99.0 -99.0 -99.0 -99.0 -99.0 5.26937886634777 5.530034177042228 5.081604576481865 46.63795758136716 46.81384502611625 46.367929707293655 3.7458246050853354 4.309011121810527 2.8808418281020187 0.7 5.461195943397163 6.0873183740959185 5.110268948498598 10.310517826452687 10.513453804568032 10.102866963768482 132.51697193038135 185.96330998756878 97.53801861276776 2.319302720717686 2.611214733206826 2.0658237940669637 1.87 7910.501284253274 0.6333365315715438 12.656016077341109 14.022630989185398 11.022214179438386 -25.046470942242845 -24.041345462438514 -25.71241768517388
193920 150.39800321095632 2.021375181849463 0 0 0 31.120473582690273 26.897431127367174 27.427203432682692 27.501221184575417 25.650968932612837 -99.0 0.13166487560577264 3.7197630186112023 4.918515035198131 5.239583730969699 25.253862023256314 -99.0 -99.0 -99.0 -99.0 -99.0 -99.0 -99.0 -99.0 -99.0 -99.0 -99.0 -99.0 -99.0 -99.0 -99.0 -99.0 -99.0 -99.0 -99.0 -99.0 -99.0 -99.0 -99.0 -99.0 -99.0 7.043501748992899 7.721048446598455 6.282560496375759 46.47111620258105 46.82875285101304 46.09863847801431 4.839819803819412 5.583759764501441 3.844659293125493 0.706 7.1999199512085035 7.769849861499848 6.492935505312392 11.090562986900967 11.496392122750098 10.577714618360762 686.7172969978708 1807.3110507304125 247.6534447970287 4.8403966912466245 5.5723871606472395 3.870436285360888 0.874 3.2333749767171236 0.5827348461015813 14.33559726704643 18.64201098793386 11.61567414622273 -23.948553382388194 -23.041529215373373 -24.725692622278753
194756 150.39992319622112 2.0298219077595627 0 0 0 29.85903840721471 26.435716398826333 26.716567084960325 25.8528588869806 24.099137442265956 -99.0 0.3117674944805179 6.140647837250511 9.636069273948278 24.65532813372517 107.3672353922513 -99.0 -99.0 -99.0 -99.0 -99.0 -99.0 -99.0 -99.0 -99.0 -99.0 -99.0 -99.0 -99.0 -99.0 -99.0 -99.0 -99.0 -99.0 -99.0 -99.0 -99.0 -99.0 -99.0 -99.0 -99.0 6.784782972115925 7.208545965361708 6.367280101830478 46.863331967831215 47.24900795412464 46.40292489464341 3.661577908619228 4.796351265856467 3.1366139193416505 0.251 6.915830715554307 7.439686633410458 6.3902238167710665 11.049803860174569 11.249404891372304 10.841449018283242 569.9452698804567 901.0407409761301 353.1871764994956 2.9899024395532927 3.461980779619165 2.5112131644454534 0.514 44.71226130820895 0.6044025480915454 24.21535892421651 25.171456652470628 23.161465748160843 -24.789735805870396 -23.834012579156422 -25.837896349315137
199794 150.34403224660116 2.108348906286185 1 0 0 29.284210680890293 27.906637932163157 29.583959527257278 27.006990058925517 25.29609613597262 25.20863940438838 0.8079408050070735 1.2147538566912137 0.865373480803026 11.997863875943718 44.91060842709071 17.347544162340977 -99.0 -99.0 -99.0 -99.0 -99.0 -99.0 -99.0 -99.0 -99.0 -99.0 -99.0 -99.0 -99.0 -99.0 -99.0 -99.0 -99.0 -99.0 -99.0 -99.0 -99.0 -99.0 -99.0 -99.0 5.982969470304421 6.376346103545249 5.619147091963451 45.64131323243663 45.7728574211565 45.47658673898019 2.430228402640005 2.72383670327994 2.0711632124989388 0.587 5.83587468736754 8.08379855967938 5.290251081010981 9.122641855603096 9.3647787332746 8.940172581064024 10.806602058638457 18.69078842486096 7.510431578774863 2.0578482174915487 2.2882940756337113 1.5307346309684748 0.907 169.54645090902486 0.6139811246018694 12.23660720092564 16.43974780903651 8.440933239658722 -22.267879201421103 -21.671367090033794 -22.678276455669618
202071 150.36148181381847 1.9329876482697739 0 0 0 29.225669677620477 -99.0 -99.0 28.214923832303786 26.400894520901726 -99.0 0.6923688999788996 -1.2319612928561912 -0.20193585323697036 3.628864174028606 17.12176400414104 -99.0 -99.0 -99.0 -99.0 -99.0 -99.0 -99.0 -99.0 -99.0 -99.0 -99.0 -99.0 -99.0 -99.0 -99.0 -99.0 -99.0 -99.0 -99.0 -99.0 -99.0 -99.0 -99.0 -99.0 -99.0 6.713109447388053 8.844366560046401 5.528557077467062 45.68290635759462 46.06934574088868 45.2740229919636 2.995164336407518 4.550678806707893 2.297970133544968 2.03 6.714762441287462 8.798182840161745 4.963879602188848 9.925077046364454 10.39103274418959 9.581895222104901 43.848613155787795 123.52754488831641 20.857250078774346 2.7630627399066947 4.066132536012579 1.8813226608846343 2.034 5.547417631268367 0.6052150738042128 6.318412291835248 11.01253632033331 2.5194018718437587 -21.783024928471058 -20.95195909078404 -22.769532626575582
206377 150.3190510666362 1.979147656254516 0 0 0 -99.0 -99.0 29.025971195587196 28.30475568944305 26.780261770944428 -99.0 -1.0619239666369689 -0.4927289358610607 1.391920588259961 3.2768568903864157 11.012812077860838 -99.0 -99.0 -99.0 -99.0 -99.0 -99.0 -99.0 -99.0 -99.0 -99.0 -99.0 -99.0 -99.0 -99.0 -99.0 -99.0 -99.0 -99.0 -99.0 -99.0 -99.0 -99.0 -99.0 -99.0 -99.0 7.370777530148963 9.265776117728187 5.592039869714383 45.46436846640775 45.87282013930859 45.0037772820809 2.5138254574027656 4.014749944410597 1.9145606684710665 1.375 7.333911759091363 9.037635034013421 5.422496955845236 9.690866852555178 10.332455631555975 9.247705635388677 25.39649957958468 131.60511911280338 9.734961528848466 2.279698890006335 3.6590280010044123 1.547075718685346 1.473 2.8773462937986864 0.6470648828089298 4.76712336908992 9.565017986936654 2.1920654808370283 -21.082063757468084 -20.151581668980654 -22.076451017818027
207835 150.36321271881425 1.9755368820841972 0 0 0 -99.0 -99.0 -99.0 27.65933932885597 26.141629153022695 -99.0 -0.00886454019075689 -0.13827091489138976 -0.27960499310347464 5.289076394154483 16.485032674064538 -99.0 -99.0 -99.0 -99.0 -99.0 -99.0 -99.0 -99.0 -99.0 -99.0 -99.0 -99.0 -99.0 -99.0 -99.0 -99.0 -99.0 -99.0 -99.0 -99.0 -99.0 -99.0 -99.0 -99.0 -99.0 6.524008077318654 8.73118683770686 5.1532569521479195 45.55538908025491 45.86793765407732 45.204537018856925 2.3905783622888164 3.786066974571481 1.8744514447797054 0.125 6.626607217101788 8.717798787947585 4.963437990685981 9.812401735765917 10.102636413652624 9.51543232250181 33.354540981702556 65.79580291922517 17.701614881817065 2.081812542595845 2.926687757919643 1.432298782801265 0.117 8.060032854733034 0.6224830462765549 209.71886486698065 212.06515045576643 207.23431018007415 -21.585688184785006 -20.663269329185642 -22.433592906561937
212759 150.41068807101567 2.009483569819341 0 0 0 29.53717228358982 -99.0 28.716317296420048 28.237108863912795 26.575864300397395 -99.0 0.5239903304840576 -0.06458417002381847 1.45197714382982 2.6642689313072085 10.426558359855413 -99.0 -99.0 -99.0 -99.0 -99.0 -99.0 -99.0 -99.0 -99.0 -99.0 -99.0 -99.0 -99.0 -99.0 -99.0 -99.0 -99.0 -99.0 -99.0 -99.0 -99.0 -99.0 -99.0 -99.0 -99.0 6.653802754208401 8.6936055589731 5.470624327236086 45.57235715923564 46.08717860080267 45.151245509995505 3.2128449378149964 4.7606275159173395 2.114932232911983 0.355 6.449171410551944 8.563817124503144 4.819214368760454 9.767488294648114 10.290331808669245 9.378605066574815 31.68074566665242 102.2722797248097 12.658820237266308 2.8258177926314625 4.390422910979527 1.7709589719849936 0.318 0.7263157824192568 0.6647047011880766 15.53298670889678 22.128139340254002 7.81776880298652 -21.675011241038778 -20.58318273832397 -22.767192898610467
213842 150.37096521027854 2.0341025655399068 1 0 0 28.823780959656556 -99.0 28.88518804682565 28.955505633183773 26.61800817565608 25.369294840143226 0.7272622625367663 -0.6828408692457717 2.0720201403501948 2.261402990696112 16.721141458789894 17.87726455736263 -99.0 -99.0 -99.0 -99.0 -99.0 -99.0 -99.0 -99.0 -99.0 -99.0 -99.0 -99.0 -99.0 -99.0 -99.0 -99.0 -99.0 -99.0 -99.0 -99.0 -99.0 -99.0 -99.0 -99.0 7.125956840728575 8.490207228210968 5.757226899144262 45.95860749506693 46.21686707498744 45.678197233388545 4.210444508648461 5.3573848245088405 3.1617837773092283 1.775 6.611991843257059 8.467931334433928 5.428707410626977 9.802269621831137 10.072432718592706 9.513375180046467 33.896414372835594 57.69835415326801 19.05029220857283 2.600404722211172 3.4191720531477072 2.092852476601467 1.898 267.0237631439227 0.6392241303171592 4.065084898778406 7.678412343290967 1.917506936010698 -22.439791136023334 -21.570271028382834 -23.247640900138734
214461 150.31372365830597 2.0602168709351925 0 0 0 28.871345016547075 28.81034224855904 29.43260036769216 28.147714587480838 26.48321292341436 -99.0 0.703434577148618 0.6425720058927298 0.9480881678085521 3.6485436567472935 14.341801401512527 -99.0 -99.0 -99.0 -99.0 -99.0 -99.0 -99.0 -99.0 -99.0 -99.0 -99.0 -99.0 -99.0 -99.0 -99.0 -99.0 -99.0 -99.0 -99.0 -99.0 -99.0 -99.0 -99.0 -99.0 -99.0 6.544705900730801 8.542854022528815 5.48025361971975 45.590263248037786 46.0049195209366 45.20800327436774 3.080429949849646 4.60079965590497 2.172081584237635 0.331 6.247523269541247 8.298506078208185 4.92230411980301 9.829340570272018 10.301999485906375 9.451539136262383 35.87514442085628 107.40354932335165 15.93970053961512 2.9504745567618618 4.193657640823968 1.9471933362132423 0.055 1.405661673056032 0.5233133709253356 298.90445592953955 299.70686213280266 297.2969146009319 -21.69618671829969 -20.736252616476847 -22.709779958621013
222264 150.42089252659682 2.0860874406466907 1 0 0 28.924172670478914 28.271697713686137 29.181020295993246 27.50323091056061 25.960899146246327 25.556192121781912 0.8003138678452362 0.8991073735211618 0.9951508393246821 6.023965048850973 19.316897419095362 9.592455024927245 -99.0 -99.0 -99.0 -99.0 -99.0 -99.0 -99.0 -99.0 -99.0 -99.0 -99.0 -99.0 -99.0 -99.0 -99.0 -99.0 -99.0 -99.0 -99.0 -99.0 -99.0 -99.0 -99.0 -99.0 5.999252056105403 7.461002477472111 5.4208991999738485 45.46003528882241 45.68173901264372 45.21864780652533 2.534459906033807 3.201366708411043 1.978301238290265 0.278 7.140036356381675 8.302822188051097 5.540919954013314 9.429661126185497 9.749523532559675 9.029162986417266 16.88024216378838 28.04461161584135 8.416225100268457 1.6600003311020959 2.3141037386377845 1.1305272149816061 0.393 60.22614467936326 0.6291380078209876 5.993606635681213 11.40304806173992 2.7801329682944766 -21.59668278769614 -20.846260550888175 -22.287146480738528
225244 149.79087726077398 1.9420195380859036 0 0 0 30.169141673580597 29.197837309160715 28.437777363991312 28.446469764266475 26.245584013134927 -99.0 0.33319021710041735 0.5792012477201917 2.984216214714114 3.4842673810695404 22.475410164177337 -99.0 -99.0 -99.0 -99.0 -99.0 -99.0 -99.0 -99.0 -99.0 -99.0 -99.0 -99.0 -99.0 -99.0 -99.0 -99.0 -99.0 -99.0 -99.0 -99.0 -99.0 -99.0 -99.0 -99.0 -99.0 7.239681016079 9.010613895250987 5.854139634702581 46.085939504437384 46.59289744968135 45.721677939531794 4.041422336909342 5.23048130149953 3.033906991315932 0.156 7.332586436539133 8.793721359704046 5.386058491237902 10.498740107220016 11.204678698701095 9.970231319553177 162.8907208645322 789.0211578912708 51.60640591936987 3.837083553895532 5.047200038023146 2.7104460922060163 0.15 2.1035728065631547 0.6512598196226903 4.2577917847324755 7.782230333026087 2.016775858364727 -22.86003374809832 -21.873540051749636 -23.846398775842662
