COSMOS-Web_LRDs.dat
# %ECSV 1.0
# ---
# datatype:
# - {name: id, datatype: int64, description: ID}
# - {name: ra, unit: deg, datatype: float64, format: .6f, description: Right Ascension}
# - {name: dec, unit: deg, datatype: float64, format: .6f, description: Declination}
# - {name: in_cw_miri, datatype: int64, description: Whether in COSMOS-Web MIRI coverage}
# - {name: in_primer_nircam, datatype: int64, description: Whether in PRIMER-COSMOS NIRCam coverage}
# - {name: in_primer_miri, datatype: int64, description: Whether in PRIMER-COSMOS MIRI coverage}
# - {name: m814, unit: AB mag, datatype: float64, format: .2f, description: Magnitude in F814W}
# - {name: m115, unit: AB mag, datatype: float64, format: .2f, description: Magnitude in F115W}
# - {name: m150, unit: AB mag, datatype: float64, format: .2f, description: Magnitude in F150W}
# - {name: m277, unit: AB mag, datatype: float64, format: .2f, description: Magnitude in F277W}
# - {name: m444, unit: AB mag, datatype: float64, format: .2f, description: Magnitude in F444W}
# - {name: m770, unit: AB mag, datatype: float64, format: .2f, description: Magnitude in F770W}
# - {name: snr814, datatype: float64, format: .2f, description: Signal-to-noise in F814W}
# - {name: snr115, datatype: float64, format: .2f, description: Signal-to-noise in F115W}
# - {name: snr150, datatype: float64, format: .2f, description: Signal-to-noise in F150W}
# - {name: snr277, datatype: float64, format: .2f, description: Signal-to-noise in F277W}
# - {name: snr444, datatype: float64, format: .2f, description: Signal-to-noise in F444W}
# - {name: snr770, datatype: float64, format: .2f, description: Signal-to-noise in F770W}
# - {name: primer_m606, unit: AB mag, datatype: float64, format: .2f, description: Magnitude in PRIMER F606W}
# - {name: primer_m814, unit: AB mag, datatype: float64, format: .2f, description: Magnitude in PRIMER F814W}
# - {name: primer_m090, unit: AB mag, datatype: float64, format: .2f, description: Magnitude in PRIMER F090W}
# - {name: primer_m115, unit: AB mag, datatype: float64, format: .2f, description: Magnitude in PRIMER F115W}
# - {name: primer_m150, unit: AB mag, datatype: float64, format: .2f, description: Magnitude in PRIMER F150W}
# - {name: primer_m200, unit: AB mag, datatype: float64, format: .2f, description: Magnitude in PRIMER F200W}
# - {name: primer_m277, unit: AB mag, datatype: float64, format: .2f, description: Magnitude in PRIMER F277W}
# - {name: primer_m356, unit: AB mag, datatype: float64, format: .2f, description: Magnitude in PRIMER F356W}
# - {name: primer_m410, unit: AB mag, datatype: float64, format: .2f, description: Magnitude in PRIMER F410M}
# - {name: primer_m444, unit: AB mag, datatype: float64, format: .2f, description: Magnitude in PRIMER F444W}
# - {name: primer_m770, unit: AB mag, datatype: float64, format: .2f, description: Magnitude in PRIMER F770W}
# - {name: primer_m1800, unit: AB mag, datatype: float64, format: .2f, description: Magnitude in PRIMER F1800W}
# - {name: primer_snr606, datatype: float64, format: .2f, description: Signal-to-noise in PRIMER F606W}
# - {name: primer_snr814, datatype: float64, format: .2f, description: Signal-to-noise in PRIMER F814W}
# - {name: primer_snr090, datatype: float64, format: .2f, description: Signal-to-noise in PRIMER F090W}
[...]
# - {name: Reff444_med, unit: mas, datatype: float64, format: .2f, description: Median effective radius in F444W}
# - {name: Reff444_u68, unit: mas, datatype: float64, format: .2f, description: 84th percentile effective radius in F444W}
# - {name: Reff444_l68, unit: mas, datatype: float64, format: .2f, description: 16th percentile effective radius in F444W}
# - {name: Muv_int_med, datatype: float64, format: .2f, description: Median Muv (intrinsic)}
# - {name: Muv_int_u68, datatype: float64, format: .2f, description: 84th percentile Muv (intrinsic)}
# - {name: Muv_int_l68, datatype: float64, format: .2f, description: 16th percentile Muv (intrinsic)}
# meta:
#   comments: [Table of COSMOS-Web LRD properties from Akins et al. in prep, 'Up-to-date as of Apr 11, 2024']
# schema: astropy-2.0
id ra dec in_cw_miri in_primer_nircam in_primer_miri m814 m115 m150 m277 m444 m770 snr814 snr115 snr150 snr277 snr444 snr770 primer_m606 primer_m814 primer_m090 primer_m115 primer_m150 primer_m200 primer_m277 primer_m356 primer_m410 primer_m444 primer_m770 primer_m1800 primer_snr606 primer_snr814 primer_snr090 primer_snr115 primer_snr150 primer_snr200 primer_snr277 primer_snr356 primer_snr410 primer_snr444 primer_snr770 primer_snr1800 z_qso_med z_qso_u68 z_qso_l68 logLbol_med logLbol_u68 logLbol_l68 Av_qso_med Av_qso_u68 Av_qso_l68 chi2_qso z_gal_med z_gal_u68 z_gal_l68 logMstar_med logMstar_u68 logMstar_l68 SFR_100_med SFR_100_u68 SFR_100_l68 Av_gal_med Av_gal_u68 Av_gal_l68 chi2_gal chi2_bd C444 Reff444_med Reff444_u68 Reff444_l68 Muv_int_med Muv_int_u68 Muv_int_l68
[from data line 34]
54535 149.99535085913263 2.1934006564223716 0 0 0 28.192656907356827 28.593007042078895 27.131905419916666 26.58816215291152 24.858370253172705 -99.0 0.8374404310235615 0.5803003190381473 4.6614322031714925 8.329709386592038 37.838458800922155 -99.0 -99.0 -99.0 -99.0 -99.0 -99.0 -99.0 -99.0 -99.0 -99.0 -99.0 -99.0 -99.0 -99.0 -99.0 -99.0 -99.0 -99.0 -99.0 -99.0 -99.0 -99.0 -99.0 -99.0 -99.0 7.6045818296073495 9.203576017511333 5.713692358149663 46.41090212858143 46.84487809758731 45.970044763566776 3.1064749333012727 4.116265020127847 2.4721614080724827 0.825 7.7116101485319355 9.172287063644253 5.196207003129573 10.773915048597337 11.164929510811197 10.37009409962276 297.220277806533 750.8067990735111 119.53348106172895 2.773265077876858 4.035318036909773 2.1669585980163872 0.774 4.694571308895004 0.5622541068721691 13.097242227794627 15.546008886259003 10.941202701651353 -23.44565742397934 -22.54915282156188 -24.32051189647477
59162 149.9594889591681 2.247457399356821 1 0 0 29.29669043177573 29.638604420087592 29.19006210784478 27.576028740728617 25.95644047413883 25.99521833951639 0.6923224628660192 0.28968733900078486 1.5367100789509625 9.00457378527359 30.202340064165785 9.747159120361752 -99.0 -99.0 -99.0 -99.0 -99.0 -99.0 -99.0 -99.0 -99.0 -99.0 -99.0 -99.0 -99.0 -99.0 -99.0 -99.0 -99.0 -99.0 -99.0 -99.0 -99.0 -99.0 -99.0 -99.0 5.989491816570899 6.43534012121944 5.611493091667943 45.301727919398054 45.45263551320677 45.126823479245985 2.172123288689659 2.5226771365313203 1.8548365534038103 0.722 5.851608047476631 8.18680930185421 5.281609687909457 8.765683590859904 9.00924702051414 8.597963901356227 5.010104903541086 8.299226633223814 3.4296547333715752 1.8648741872524819 2.125076267890685 1.3784361193816472 0.249 51.308824383468504 0.617267561306876 12.183160504605016 17.35793611325551 6.920901596902013 -21.372706921872904 -20.764562938966442 -21.835045706640617
67603 149.93965235588965 2.117814850299751 0 0 0 27.867600724938455 29.776842600649516 27.625119140049478 28.570842423174764 26.75303381067666 -99.0 1.651776042579775 0.22921616819197033 4.274623154898997 2.1218045432491426 9.544033733326017 -99.0 -99.0 -99.0 -99.0 -99.0 -99.0 -99.0 -99.0 -99.0 -99.0 -99.0 -99.0 -99.0 -99.0 -99.0 -99.0 -99.0 -99.0 -99.0 -99.0 -99.0 -99.0 -99.0 -99.0 -99.0 6.649677430574641 8.738013694247414 5.552507489499701 45.678092501953145 46.18520819535252 45.193097162300674 3.885420598560595 5.220623428234541 2.6152579450390028 2.54 7.112305124634354 8.957694218412659 5.119891777284631 10.044024279779869 11.062778222289928 9.4686670070253 62.0632686827606 633.3671981986146 16.7643555191984 4.164047483715887 5.200828193911395 2.6000290298436854 2.403 3.547059378194487 0.6609066230161836 9.602053593857136 18.669296890432143 3.5538917017644573 -21.9742372894464 -20.762593700501778 -22.946633313150457
73111 149.97204578913875 2.1422718992151752 1 0 0 28.61982462387031 29.817452723262576 27.881153557495143 28.413522551513243 26.844753064976636 25.29363074857025 1.4167366840679112 0.30995599425363496 4.376314873703338 3.3378468704591615 11.367599355537106 16.542455641150106 -99.0 -99.0 -99.0 -99.0 -99.0 -99.0 -99.0 -99.0 -99.0 -99.0 -99.0 -99.0 -99.0 -99.0 -99.0 -99.0 -99.0 -99.0 -99.0 -99.0 -99.0 -99.0 -99.0 -99.0 8.395820422099899 9.522764281980274 6.9411721134256 46.13090103801743 46.465876204730506 45.854186470759075 4.214679529828747 5.427513974059389 2.7456650448346642 2.445 5.824742056863209 8.160912513674417 4.719953128401869 9.775347805382866 10.175268973216014 9.470375016271952 32.10303895271416 76.62646192468337 16.086489056719266 3.478248925691692 4.230404377673681 2.7085628333807183 2.247 231.77337881790646 0.5299677640762713 23.48798059681285 30.541787511030403 16.214710633343618 -22.481466056128475 -21.594073064925983 -23.549173082978548
74963 149.9863706502487 2.1504971668297004 1 0 0 26.384881194641014 27.962168661488406 28.823322930730587 27.63918877837003 26.007041053184974 25.205713995828734 5.440729000914973 0.9119356976849518 1.163177110044959 4.365940164829888 15.56533952052202 11.423541248798259 -99.0 -99.0 -99.0 -99.0 -99.0 -99.0 -99.0 -99.0 -99.0 -99.0 -99.0 -99.0 -99.0 -99.0 -99.0 -99.0 -99.0 -99.0 -99.0 -99.0 -99.0 -99.0 -99.0 -99.0 5.361253275352647 5.622879865472256 4.564123031488415 45.962037201490475 46.11012854050564 45.74394873335158 5.123363816466474 5.678207406948335 4.397482075833819 13.591 5.009485539700017 5.230487708856505 4.878287942183914 9.173234371639381 9.369029270239054 9.000163570931802 12.372652923545601 17.809411476994637 8.79472146556203 4.309633205129483 4.957451103440346 3.581354662833954 9.858 124.23008134236 0.5714664592232586 10.891962451741868 17.73161334725484 4.951582632556409 -23.573628304274337 -22.777650890340336 -23.96623240280485
79051 150.01126546504383 2.167907337995711 1 0 0 28.52893017573477 28.000973589961923 28.766227204673875 28.374510367723815 26.780587115738367 25.935744653827058 0.9573553602903456 1.8124108873105016 1.9627660746431235 3.332944982334527 12.221501865647454 9.51511655603278 -99.0 -99.0 -99.0 -99.0 -99.0 -99.0 -99.0 -99.0 -99.0 -99.0 -99.0 -99.0 -99.0 -99.0 -99.0 -99.0 -99.0 -99.0 -99.0 -99.0 -99.0 -99.0 -99.0 -99.0 6.224047713773404 7.889364765395464 5.418584281006802 45.60175090576609 45.851281675432 45.29037761578496 4.123537060102073 5.1354755346357175 2.7205702229805517 0.397 6.904359074454318 8.309666434873703 5.469525271542201 9.458972939169756 9.706793510352433 9.118981512654775 15.248398644755934 25.361124332464975 8.498251433030527 2.093849831446301 2.8845438377428567 1.489526989258007 0.564 67.74729603109039 0.5609665259045685 44.42816209539615 51.35697772016601 38.181986250590555 -21.939795217085674 -20.901241399752386 -22.757817338702516
80251 149.90922061665606 2.211260739365007 1 0 0 28.712817492726504 -99.0 27.868431612482393 29.029468208491373 26.209367298575504 25.6173057320267 0.9436497207244988 -0.9789169358216241 3.9762902495710266 1.714763694082974 18.32752429160731 8.458901826790767 -99.0 -99.0 -99.0 -99.0 -99.0 -99.0 -99.0 -99.0 -99.0 -99.0 -99.0 -99.0 -99.0 -99.0 -99.0 -99.0 -99.0 -99.0 -99.0 -99.0 -99.0 -99.0 -99.0 -99.0 7.6468500530163155 8.549584935418846 5.926856135145886 45.91376033358645 46.3174902872365 45.59408715361048 3.834579330179136 4.884961971388732 3.0325182884330233 4.017 5.911475988107146 7.794077387811887 5.409781805707685 9.14719058096159 9.466375797265409 8.942851928988766 11.377260194147421 21.835740967225277 7.467195425727267 3.12153383139524 3.582362166073802 2.4635806295102953 5.816 60.65893233521146 0.5924602860980672 14.003071139433345 20.16755085248186 8.484348052073493 -22.472275471523712 -21.595130336712362 -23.204755897720045
84781 149.9836581447721 2.2101358143061414 0 0 0 28.65222964438277 28.32299094676987 29.00285062925915 28.474587275149364 26.116927068634965 -99.0 1.5353886488870374 1.124406014920564 0.9086437783769495 2.0083155775586827 12.964718202438315 -99.0 -99.0 -99.0 -99.0 -99.0 -99.0 -99.0 -99.0 -99.0 -99.0 -99.0 -99.0 -99.0 -99.0 -99.0 -99.0 -99.0 -99.0 -99.0 -99.0 -99.0 -99.0 -99.0 -99.0 -99.0 6.544255052793557 8.26215414324621 5.656858771493176 46.06980430404148 46.473039657249984 45.68155824554174 4.273880595959137 5.379668221062244 3.1328168121927726 0.713 5.853402257993163 8.042124641418145 4.747360046351009 10.287836332774749 10.788222599342758 9.846713689933063 100.56433752848477 327.73918672823186 40.40891619763032 4.223530775335658 5.284345135970444 2.8949369585972757 0.177 3.3642233382438578 0.5750363061806384 5.714372431181405 10.925493270205079 2.4009939295364657 -22.9251684597792 -21.95003248308036 -23.803266500759012
86112 149.99789532364036 2.2150614622995013 0 0 0 27.82459898085004 -99.0 28.966516115006296 28.500627676839688 25.93971215496577 -99.0 1.8066193753176338 -0.22171058358330653 1.032412398120172 2.042154343870178 16.771611558793357 -99.0 -99.0 -99.0 -99.0 -99.0 -99.0 -99.0 -99.0 -99.0 -99.0 -99.0 -99.0 -99.0 -99.0 -99.0 -99.0 -99.0 -99.0 -99.0 -99.0 -99.0 -99.0 -99.0 -99.0 -99.0 7.412226408956188 8.92821179041764 5.953547579095323 46.18934439738443 46.63748466737299 45.82410018856455 4.050189344043885 5.125604916651845 3.0424257868317435 3.272 6.707426759140459 8.686030084743319 5.041153924516872 10.56871983667751 11.209088214151482 10.081841104496167 190.26555702765125 854.4433740256379 65.07927912124684 4.076706848139374 5.246490996025682 2.9371358495236084 2.216 5.701956010137546 0.6272516433570081 10.835495442318265 17.483235725612086 5.178874658224945 -22.981311495817565 -22.050729381832674 -23.948191425035585
88514 149.94602410659175 2.2521644261898524 1 0 0 34.4127070999053 -99.0 29.550271298340178 29.072363750687593 27.457554621343967 25.586820064976244 0.007663766244923168 -0.9022278108508688 1.532390659089086 3.2003716602693686 10.530673960475871 16.599050004215428 -99.0 -99.0 -99.0 -99.0 -99.0 -99.0 -99.0 -99.0 -99.0 -99.0 -99.0 -99.0 -99.0 -99.0 -99.0 -99.0 -99.0 -99.0 -99.0 -99.0 -99.0 -99.0 -99.0 -99.0 9.415199691444188 9.803162393487264 7.370372520015332 45.98325937811652 46.22869655783442 45.739991190155656 3.4057958734355696 5.097427081457442 2.775214782868747 0.888 6.008628077532448 8.67803892647501 4.555877558768045 9.739455774350597 10.181401462033957 9.391382959048837 28.926996241887977 76.01664782792616 12.450951965654992 3.8145970077147595 4.74431164583218 2.880824496351118 0.946 245.02656101308517 0.6711053354270564 9.103177299944175 16.023864015784238 3.1461176814352316 -21.840207268799965 -20.94202827055791 -22.671803007298895
88886 150.01631802464925 2.229445355438553 1 0 0 28.740458526297136 28.230756646606263 31.421087151515586 28.6692220763221 26.88056748338452 27.079491254418855 1.08177957400831 1.3540396926170213 0.18628344431595767 2.8626730472447073 12.200626341253283 2.7887664921735116 -99.0 -99.0 -99.0 -99.0 -99.0 -99.0 -99.0 -99.0 -99.0 -99.0 -99.0 -99.0 -99.0 -99.0 -99.0 -99.0 -99.0 -99.0 -99.0 -99.0 -99.0 -99.0 -99.0 -99.0 5.931706918389324 7.07402204016403 5.509690506128295 44.97028338700384 45.17733702986023 44.747664756976405 2.363763616579393 2.9821029186849684 1.87654881372128 2.625 5.819507843704589 8.168630868964827 5.247173285609048 8.518740884349576 8.965354309245944 8.226041388033615 2.6149757537910747 6.009781473114467 1.4241232091322413 1.8055238840021057 2.3423921346679557 1.2352604996134045 1.649 6.150967694794167 0.6977161798438409 3.5008796801697897 6.658737699569218 1.626883491010859 -20.5151996273239 -19.85368691195577 -21.131906762815195
89195 150.00225060634617 2.236991848340699 1 0 0 28.100254355263893 28.191177529081827 30.045553930885358 28.052890771915212 26.40783014156245 26.07592189822943 1.865027401130044 1.3169683672876722 0.5570680762745603 4.527447388467274 15.885386537089454 5.629572564156385 -99.0 -99.0 -99.0 -99.0 -99.0 -99.0 -99.0 -99.0 -99.0 -99.0 -99.0 -99.0 -99.0 -99.0 -99.0 -99.0 -99.0 -99.0 -99.0 -99.0 -99.0 -99.0 -99.0 -99.0 5.910468982423991 6.842263407812904 5.4269560811101885 45.29760291225452 45.52646517889178 45.040183483316554 2.692281268312777 3.4530242445516404 2.1432639458624387 1.849 5.864999967427737 7.810059096239597 5.245883509091144 8.969172934934404 9.437783964235242 8.657806598760269 6.9532490333187065 14.79667018911559 3.8347352893638575 2.150987537277749 2.824343436011738 1.4072051095033107 1.464 25.267467036493397 0.5748696534752743 20.544403092582147 26.9866536238839 13.757617853415395 -21.240608473882723 -20.522054203123872 -21.980226478820356
94709 150.04390833011374 2.080001772838988 0 0 0 28.118829659081484 27.61177882801482 28.03798848200492 26.115289865508792 24.376041083323244 -99.0 4.772374176850098 1.693208884923173 2.4906390598615125 17.56481100483587 72.62560348250987 -99.0 -99.0 -99.0 -99.0 -99.0 -99.0 -99.0 -99.0 -99.0 -99.0 -99.0 -99.0 -99.0 -99.0 -99.0 -99.0 -99.0 -99.0 -99.0 -99.0 -99.0 -99.0 -99.0 -99.0 -99.0 5.410807061384377 5.7679162424789965 4.946181848292778 46.275353926589005 46.512320815957295 46.072947898729815 3.582203430334733 5.361332240352687 3.018068749889946 0.173 4.889388731444984 5.423225608916351 4.3075457228792695 10.476510690219023 10.641672444583126 10.312648307959787 152.38976509178468 221.7701634399593 107.12318516642954 3.4327119758101947 3.8722502451061347 2.9812510639970053 0.331 56.90372992864854 0.6016056707300503 20.567014836839707 22.32670857057979 17.80333450894912 -24.07896939029353 -23.379002388767113 -24.887175321752725
95213 150.12205552758985 2.0561867453686005 0 0 0 30.25132923952596 31.132281250932614 -99.0 28.067442042827473 25.7763758099279 -99.0 0.3760344833699147 0.09414725197579517 -0.007747742810807565 5.128778231663755 30.324623998098538 -99.0 -99.0 -99.0 -99.0 -99.0 -99.0 -99.0 -99.0 -99.0 -99.0 -99.0 -99.0 -99.0 -99.0 -99.0 -99.0 -99.0 -99.0 -99.0 -99.0 -99.0 -99.0 -99.0 -99.0 -99.0 6.617893027503637 8.817589743655368 5.745204470117725 46.1482518781316 46.4824158889459 45.812388755293654 3.671500270031487 4.716088004885028 2.904991258111827 0.119 6.409065219222638 8.633836350518115 4.901995184551948 10.425208252246385 10.83548024445917 10.070940265344301 144.95080463856246 362.23774618186496 60.08837483748596 3.4562095489927485 4.628139286746103 2.6398050898284997 0.094 15.221117912075023 0.6271185405204724 24.58927611719046 28.54655486013362 18.81184472000482 -22.946357619170314 -22.123717459708494 -23.72417779528985
95709 150.08707042839026 2.0742594137254646 0 0 0 29.649577816918846 27.84173178905606 -99.0 28.4352636978296 25.762798783261562 -99.0 1.380167578039655 1.2388675798148618 -0.5641651753429509 3.0263691985673824 26.384360240069164 -99.0 -99.0 -99.0 -99.0 -99.0 -99.0 -99.0 -99.0 -99.0 -99.0 -99.0 -99.0 -99.0 -99.0 -99.0 -99.0 -99.0 -99.0 -99.0 -99.0 -99.0 -99.0 -99.0 -99.0 -99.0 6.702279011509447 8.566243531596406 5.853091996778034 46.29809205500731 46.711453025514 45.971693812704146 4.421229241353252 5.372643189955323 3.5088865858660356 1.866 6.096326756296023 7.9715403172214625 5.007269800702626 10.590988461661208 11.10125310960122 10.255985686148565 204.4071306959689 647.7287304257602 97.64528007435186 4.4782269270514075 5.445415451398103 3.3257055667027693 1.253 4.152662292413735 0.5319768051729905 18.50986654360852 22.19661528844229 14.403757454174094 -23.450415609743494 -22.494588091594807 -24.26108540064848
97561 150.0822424425018 2.0938775576804187 1 0 0 30.306411465760775 27.73425207292073 27.825365599069784 28.33014173926503 26.64690274235123 25.9237641662731 1.0902785865817606 2.7398319953363504 6.822191908436442 5.945559795444377 20.19803287075231 10.450386262347749 -99.0 -99.0 -99.0 -99.0 -99.0 -99.0 -99.0 -99.0 -99.0 -99.0 -99.0 -99.0 -99.0 -99.0 -99.0 -99.0 -99.0 -99.0 -99.0 -99.0 -99.0 -99.0 -99.0 -99.0 6.474124277389629 7.797728782939482 6.155597554164158 45.766554054855966 46.12400972295569 45.50352087450768 4.316141982101258 5.19505395447267 3.581027018216977 1.474 7.399426393562413 8.113334937934441 6.165956209445716 9.433826601386514 9.677142862351221 9.087344484749865 16.72846047423091 26.07642400769374 9.980526375160116 2.6489180703559096 3.228656921124843 1.9869762236619652 2.76 79.10606858518992 0.6647015872700579 5.869912008931957 11.14246751695334 2.1408412792484675 -22.32453486015224 -21.610142100712483 -22.971752096172587
